0.0 0.0 0.0 0.0 0.0 
99.824358909224 64.01214168453126 125.73946025698025 198.99999999835038 0.0 
0.0 0.0 32.16270950242202 160.18024308822788 0.0 
9.01534943521441 81.95132264853646 76.89023727620608 129.0163030458595 0.0 
51.595297623309946 65.92333199200023 63.623424609669804 104.22123416674478 0.0 
41.20215207523722 52.05513370080406 43.98104133900566 84.40724765988894 0.0 
19.42417425573233 38.98260873149306 39.61106902243658 68.4865332359067 0.0 
-0.05461817599999996 28.584781375381958 27.867867204901888 55.53132218197311 0.0 
20.682458600678267 21.838148147229333 19.291861497705845 44.109050793026114 0.0 
0.6642808232936315 7.644908413632875 14.561446662002602 31.12773849248024 0.0 
0.0 4.52603662044245 0.7688432493281855 19.119444134830765 0.0 
0.0 1.641120600578141 0.0 10.471581340076225 0.0 
0.0 9.013698737573627 0.0 14.349168787317733 0.0 
12.955428728288101 9.84035557140124 0.0 12.847410149850162 0.0 
11.443767545857073 0.0 0.0 11.31955691400168 0.0 
0.0 0.0 0.0 0.0 0.0 
0.0 -0.55 0.0 3.0422695352250066 0.0 
-0.5 0.0 0.0 0.5 0.0 
0.0 0.0 0.0 0.0 0.0 
0.0 0.0 0.0 0.0 0.0 
0.0 198.96681758301696 0.0 110.73908124598549 0.0 
0.0 159.98481665968671 0.0 75.92701643671127 0.0 
10.992945767486315 128.37295513806566 3.842337568773403 51.50374980001403 0.0 
3.2092043029248005 102.17160573389164 0.0 26.14237006522253 0.0 
0.0 78.75878449267873 34.02662411139861 14.89537497613837 0.0 
0.0 57.9667976106251 26.90618804968621 18.281445194846683 0.0 
-0.03878376873432841 40.78418216659103 20.027006192966223 0.0 0.0 
0.0 34.17427935948578 17.679012050080498 4.712987338075378 0.0 
0.0 26.487947899230356 16.46765443356267 13.371231961784368 0.0 
6.368089416216767 20.190187810767945 12.94826063898888 12.438903852507565 0.0 
9.963093375352539 16.759921746374168 11.340848978836746 2.2779356226325325 0.0 
0.0 14.29649792235086 1.0921959327065178 0.6888689907358362 0.0 
0.0 12.093347563417904 1.2014631114524221 0.1949088528042213 0.0 
0.0 6.271580207056374 0.0 -0.4750013472098022 0.0 
0.0 1.1166458971822157 0.0 0.0 0.0 
0.0 0.0 0.43299767548800017 0.0 0.0 
0.0 0.0 0.0 0.0 0.0 
0.0 0.0 0.0 0.0 0.0 
0.0 0.0 0.0 0.0 0.0 
195.2702425 58.9543994605844 35.65622256790027 42.895535377747066 0.0 
158.8971262026907 80.20477499397401 25.236594336 133.72833752916864 0.0 
115.38538374770752 43.08283625063461 19.97437441788161 48.879564329605074 0.0 
97.67638846836606 58.835512160768985 55.236893748972676 27.33973892295535 0.0 
83.91560178576226 47.5898177597054 45.42498164480866 73.21513029994799 0.0 
68.00160769126875 32.913117694198114 32.51445621195082 27.327250490354412 0.0 
54.22088041795075 25.776944180009274 22.15757518546846 30.27272539812163 0.0 
43.32485009529231 22.541238695750543 19.341101095361257 27.69628761720878 0.0 
27.313690818635315 19.613683850797933 17.276363117916873 18.628675615437814 0.0 
20.437296838736696 14.528643164557959 14.139584426282088 19.797189420106683 0.0 
16.834290635037654 14.381930120028454 11.784338494231905 13.950593666992111 0.0 
13.945835358546057 14.50185322877787 1.397665166712105 2.003440815198071 0.0 
8.435795716130322 1.5023158422434317 1.7205686090588235 1.8474767933181906 0.0 
4.835788140331868 2.035766206566801 1.4288624727213433 1.9855773024386119 0.0 
2.851070140208573 1.285320620214931 1.1885173617918814 1.9802948394745779 0.0 
2.914960375301565 3.1243935891354586 1.1234344344607534 1.9548385143787677 0.0 
2.1285268431150834 3.5318172838928232 0.0 -0.02750000000000008 0.0 
0.0 1.6582984853120004 0.0 0.0 0.0 
0.0 0.0 0.0 0.0 0.0 
29.589799999999997 63.18136822901499 149.25 0.0 0.0 
-0.5 58.40245179224314 160.18841581956116 80.47500000000001 0.0 
-0.22000000000000003 10.744493872 0.0 30.839799999999997 0.0 
2.057019908410765 5.269732156004146 45.455388006878174 12.144118868792994 0.0 
24.11161958610498 30.09347943144704 75.95231984456038 6.2753339036585505 0.0 
33.2801245478921 17.487724696047643 64.44828185248333 20.613385939587634 0.0 
23.838710734949856 28.65065140895538 49.599581771725965 3.301959719474167 0.0 
22.276933613887273 22.483096685090615 33.93314914241367 32.43061085596837 0.0 
24.496246736817305 -0.5 21.534657455318566 30.93613709571897 0.0 
0.0 0.0 2.9107020582340786 25.300560419717478 0.0 
0.0 0.0 15.443942590622118 4.609777826270572 0.0 
0.0 7.7400020727835965 12.645778655860825 4.343229605665964 0.0 
0.0 0.0 0.0 0.0 0.0 
11.33857065782762 11.24934489685304 11.407819967635279 0.0 0.0 
12.418053755049641 11.921186091014961 12.080849085185488 11.509658704886686 0.0 
0.0 0.0 13.2052453875177 13.257921963319589 0.0 
0.0 0.0 0.0 0.0 0.0 
0.0 0.0 0.0 0.0 0.0 
0.0 0.0 0.0 0.0 0.0 
0.0 0.0 0.0 0.0 0.0 
0.0 0.0 0.0 0.0 0.0 
0.0 0.0 0.0 0.0 0.0 
0.0 0.0 0.0 0.0 0.0 
0.0 0.0 0.0 0.0 0.0 
0.0 0.0 0.0 0.0 0.0 
0.0 0.0 0.0 0.0 0.0 
0.0 0.0 0.0 0.0 0.0 
0.0 0.0 0.0 0.0 0.0 
0.0 0.0 0.0 0.0 0.0 
0.0 0.0 0.0 0.0 0.0 
0.0 0.0 0.0 0.0 0.0 
0.0 0.0 0.0 0.0 0.0 
0.0 0.0 0.0 0.0 0.0 
0.0 0.0 0.0 0.0 0.0 
0.0 0.0 0.0 0.0 0.0 
0.0 0.0 0.0 0.0 0.0 
0.0 0.0 0.0 0.0 0.0 
0.0 0.0 0.0 0.0 0.0 
0.0 0.0 0.0 0.0 0.0 
0.0 0.0 0.0 0.0 0.0 
