0.0 0.0 0.0 0.0 0.0 
99.824358909224 64.01214168453126 125.73946025698025 198.99999999958428 0.0 
0.0 0.0 32.16270950242202 160.19170209654368 0.0 
9.01534943521441 81.95132264853646 58.13751813899247 129.0163030458595 0.0 
51.595297623309946 65.92333199200023 48.636809913164946 104.21877664772762 0.0 
30.838464570256814 52.05513370080406 43.98104133900566 84.40724765988894 0.0 
13.296921979012629 36.67495928586873 31.46282074777154 46.20250737022939 0.0 
-0.05461817599999996 37.85206882091638 18.50768103628859 36.1157306302956 0.0 
20.682458600678267 21.838148147229333 19.291861497705845 58.34932005364141 0.0 
0.6642808232936315 7.644908413632875 14.561446662002602 31.12773849248024 0.0 
0.0 4.52603662044245 0.7688432493281855 19.119444134830765 0.0 
0.0 1.641120600578141 0.0 10.471581340076225 0.0 
0.0 9.013698737573627 0.0 14.349168787317733 0.0 
12.955428728288101 9.84035557140124 0.0 12.847410149850162 0.0 
11.443767545857073 0.0 0.0 11.31955691400168 0.0 
0.0 0.0 0.0 0.0 0.0 
0.0 -0.55 0.0 3.0422695352250066 0.0 
-0.5 0.0 0.0 0.5 0.0 
0.0 0.0 0.0 0.0 0.0 
0.0 0.0 0.0 0.0 0.0 
0.0 198.96681758301696 0.0 110.73908124598549 0.0 
0.0 159.98481665968671 0.0 75.92701643671127 0.0 
10.992945767486315 128.37295513806566 3.842337568773403 51.50374980001403 0.0 
3.2092043029248005 102.17160573389164 0.0 26.14237006522253 0.0 
0.0 78.75878449267873 34.02662411139861 14.89537497613837 0.0 
0.0 57.9667976106251 26.90618804968621 18.281445194846683 0.0 
-0.03878376873432841 40.78418216659103 20.027006192966223 0.0 0.0 
0.0 34.17427935948578 17.679012050080498 4.712987338075378 0.0 
0.0 26.487947899230356 16.46765443356267 13.371231961784368 0.0 
6.368089416216767 20.190187810767945 12.94826063898888 12.438903852507565 0.0 
9.963093375352539 16.759921746374168 11.340848978836746 2.2779356226325325 0.0 
0.0 99.26010887806947 1.0921959327065178 0.6888689907358362 0.0 
0.0 12.230887873203017 1.2014631114524221 0.1949088528042213 0.0 
0.0 8.032819344527553 0.0 -0.4750013472098022 0.0 
0.0 1.1166458971822157 0.0 0.0 0.0 
0.0 0.0 0.43299767548800017 -0.4 0.0 
0.0 0.0 2.730055161266507 0.0 0.0 
0.0 0.0 0.0 0.0 0.0 
0.0 0.0 0.0 0.0 0.0 
195.2702425 58.9543994605844 35.65622256790027 42.895535377747066 0.0 
158.8971262026907 80.20477499397401 25.236594336 133.72833752916864 0.0 
115.38538374770752 43.08283625063461 19.97437441788161 48.879564329605074 0.0 
97.67638846836606 58.835512160768985 55.236893748972676 27.33973892295535 0.0 
83.91560178576226 47.5898177597054 45.42498164480866 73.21513029994799 0.0 
68.00160769126875 32.913117694198114 32.51445621195082 27.327250490354412 0.0 
54.22088041795075 25.776944180009274 22.15757518546846 30.27272539812163 0.0 
43.32485009529231 22.541238695750543 19.341101095361257 27.69628761720878 0.0 
27.313690818635315 19.613683850797933 17.276363117916873 18.628675615437814 0.0 
20.437296838736696 14.528643164557959 14.139584426282088 19.797189420106683 0.0 
16.834290635037654 14.381930120028454 11.784338494231905 13.950593666992111 0.0 
13.945835358546057 14.50185322877787 1.397665166712105 2.003440815198071 0.0 
8.435795716130322 1.5023158422434317 1.7205686090588235 1.8474767933181906 0.0 
4.835788140331868 2.035766206566801 1.4288624727213433 1.9855773024386119 0.0 
2.851070140208573 1.285320620214931 1.1885173617918814 1.9802948394745779 0.0 
2.914960375301565 3.1243935891354586 1.1234344344607534 1.9548385143787677 0.0 
2.1285268431150834 33.55677733117792 0.0 -0.02750000000000008 0.0 
0.0 1.6582984853120004 0.0 0.0 0.0 
0.0 0.0 0.0 0.0 0.0 
29.589799999999997 63.18136822901499 149.25 0.0 0.0 
-0.5 58.40245179224314 160.18841581956116 80.47500000000001 0.0 
-0.22000000000000003 10.744493872 0.0 30.839799999999997 0.0 
61.139913935887535 10.704534487918668 24.034336801403967 12.144118868792994 0.0 
24.287969457966575 19.141773327342637 20.76882903495159 8.868002813363589 0.0 
52.8578935219153 20.60099668224754 18.995944255147066 19.86953494165904 0.0 
14.904712872403596 18.789893602376583 18.648619127174456 19.175485337399085 0.0 
38.14763320200731 17.56869824435374 17.55292297879514 13.831437956839277 0.0 
15.889206279622291 13.681586321294601 13.059073902746391 13.791051192440642 0.0 
7.163316770799604 12.916454275247506 4.535661434827041 4.305420551602271 0.0 
6.834252229210805 5.5526520510230375 4.249909337266498 4.719043019086296 0.0 
0.0 4.03224502291795 4.454245384675092 4.446106707134046 0.0 
13.45126483685548 2.8768006632907515 2.593347811928294 3.9077875275206737 0.0 
5.174707925650262 4.941245527708724 5.251631166429002 4.988675977209592 0.0 
6.233736200537275 5.927634573184571 5.529376447509673 6.166959789244538 0.0 
6.792050289215364 2.5585140164863476 4.796964441202259 5.366967272912873 0.0 
6.5393250643141645 2.817521016957361 -0.4 0.0 0.0 
0.4 0.0 0.0 0.0 0.0 
0.0 0.0 0.0 0.0 0.0 
0.0 0.0 0.0 0.0 0.0 
0.0 0.0 0.0 0.0 0.0 
0.0 0.0 0.0 0.0 0.0 
0.0 0.0 0.0 0.0 0.0 
0.0 0.0 0.0 0.0 0.0 
0.0 0.0 0.0 0.0 0.0 
0.0 0.0 0.0 0.0 0.0 
0.0 0.0 0.0 0.0 0.0 
0.0 0.0 0.0 0.0 0.0 
0.0 0.0 0.0 0.0 0.0 
0.0 0.0 0.0 0.0 0.0 
0.0 0.0 0.0 0.0 0.0 
0.0 0.0 0.0 0.0 0.0 
0.0 0.0 0.0 0.0 0.0 
0.0 0.0 0.0 0.0 0.0 
-0.3584 -0.14911999999999997 7.154231900272842 0.0 0.0 
0.0 -0.27199999999999996 47.01527000940963 0.0 0.0 
0.0 0.4 4.8560382230586345 0.0 0.0 
0.0 0.0 25.313096200018748 0.0 0.0 
0.0 0.0 0.0 6.9994611763063865 0.0 
0.0 0.0 9.801636148752591 0.0 0.0 
